0 0.585227 0.901739 0.0986842 0.126957 0.445368
0 0.531998 0.212174 0.0998804 0.135652 0.459374
0 0.464115 0.833478 0.0921053 0.117391 0.464586
0 0.814892 0.41087 0.0927033 0.115652 0.481511
0 0.555622 0.520435 0.110048 0.134783 0.485879
0 0.142644 0.452174 0.097488 0.125217 0.495982
0 0.856758 0.599565 0.0986842 0.143478 0.504353
0 0.408792 0.646957 0.0891148 0.123478 0.516119
0 0.26256 0.318696 0.0921053 0.117391 0.518112
0 0.460825 0.476522 0.083134 0.113043 0.536963
0 0.695574 0.642174 0.0837321 0.113913 0.539022
0 0.387261 0.93913 0.104665 0.121739 0.562413
0 0.284988 0.71913 0.0819378 0.111304 0.563001
0 0.350179 0.385652 0.103469 0.127826 0.578582
0 0.313995 0.57 0.0980861 0.129565 0.581198
0 0.10317 0.618261 0.102273 0.14087 0.587836
0 0.898923 0.867391 0.123206 0.181739 0.614688
0 0.482356 0.351304 0.0783493 0.123478 0.614925
0 0.685706 0.8 0.0879187 0.133913 0.664815
0 0.159988 0.0965217 0.0879187 0.128696 0.722326
